n2nf: 0.004002563107015578
nf: 0.004149170801125898
awgn: 0.7348264958091661
nlf: 0.054655356881641325
pg: 0.009973494322783896