n2nf: 0.014040721533099657
nf: 0.014800960189879104
awgn: 1.6548032224814757
nlf: 0.053516281899534744
pg: 0.0600892797831052