n2nf: 0.004087152949003525
nf: 0.03880370757939225
awgn: 1.7727209470686842
nlf: 0.004492397235942773
pg: 5.903500399379373