n2nf: 0.0006165216030746081
nf: 0.0018134475076603852
awgn: 2.2781016662231997
nlf: 0.026160994757630108
pg: 0.00555719628466431