n2nf: 0.0027268597344676637
nf: 0.005277547662102294
awgn: 0.5034670602094327
nlf: 0.056455279087163565
pg: 0.00459590898644888