n2nf: 0.03391848734877931
nf: 0.033033527357854114
awgn: 0.10097182658819648
nlf: 0.056591739984990064
pg: 0.04048671227974508