n2nf: 0.0051376278647168264
nf: 0.003907937820863679
awgn: 0.6700677298083221
nlf: 0.034022722325815984
pg: 0.010284520795628846