n2nf: 0.08119064643143743
nf: 0.12929790391621346
awgn: 0.11481823071721854
nlf: 0.1304005855856122
pg: 3.898127836012647