n2nf: 0.0037256429554050974
nf: 0.009975599716333557
awgn: 5.165323358602754
nlf: 0.027204720424034483
pg: 0.056911026796730414