n2nf: 0.014163356586811872
nf: 0.008034805528619147
awgn: 0.9554093929919429
nlf: 0.046677474769413606
pg: 0.024797464137793858