n2nf: 0.012506273527392205
nf: 0.021794660194368543
awgn: 4.511593752891601
nlf: 0.045440326384303835
pg: 0.07598848258671763